100_000x
start: 12.702999999999999
end:   33.987000000000002
total: 21.284000000000002
