10_000x
start: 0
end:   36.171999999999997
total: 36.171999999999997
