10_000x
start: 0
end:   38.798999999999999
total: 38.798999999999999
