10000x
start: 0
end:   2.2480000000000002
total: 2.2480000000000002
