10000x
start: 0
end:   2.5300000000000002
total: 2.5300000000000002
