10000x
start: 2.25
end:   2.2480000000000002
total: -0.0019999999999997797
