10x
start: 50.643999999999998
end:   51.18
total: 0.53600000000000136
712x
start: 51.18
end:   34.534999999999997
total: -16.645000000000003
