1000x
start: 0
end:   49.176000000000002
total: 49.176000000000002
