10_000x
start: 0.49299999999999999
end:   2.9580000000000002
total: 2.4650000000000003
