10_000x
start: 25.562999999999999
end:   27.984999999999999
total: 2.4220000000000006
