10_000x
start: 27.016999999999999
end:   29.271999999999998
total: 2.254999999999999
