10_000x
start: 24.783999999999999
end:   27.306000000000001
total: 2.522000000000002
