10x
start: 31.672000000000001
end:   32.226999999999997
total: 0.55499999999999616
712x
start: 32.228000000000002
end:   10.305
total: -21.923000000000002
